           1           5   1.00000000000000     
           2          10  0.922399390663224     
           3          15  0.884465276159150     
           4          20  0.854337715617976     
           5          25  0.830114009049004     
           6          30  0.809736157685686     
           7          35  0.791982391850200     
           8          40  0.775251269811835     
           9          45  0.760468879480647     
          10          50  0.746422220342921     
          11          55  0.733164750654837     
          12          60  0.713986111613958     
          13          65  0.695038368277865     
          14          70  0.676964632694253     
          15          75  0.659806437436622     
          16          80  0.644844950180621     
          17          85  0.629797063319437     
          18          90  0.615413334389243     
          19          95  0.601795044751412     
          20         100  0.587512331302071     
          21         105  0.574484322961492     
          22         110  0.559523898319574     
          23         115  0.543627758393877     
          24         120  0.528739182949236     
          25         125  0.514174748839777     
          26         130  0.500611506080357     
          27         135  0.487645349571827     
          28         140  0.475516467988025     
          29         145  0.463414165091271     
          30         150  0.451576777257953     
          31         155  0.440489380020970     
          32         160  0.428620498605427     
          33         165  0.416021736550637     
          34         170  0.403740083295840     
          35         175  0.392325434877041     
          36         180  0.381195645191464     
          37         185  0.370527257393642     
          38         190  0.360695678807165     
          39         195  0.350227624575255     
          40         200  0.340201124725387     
          41         205  0.329867691723652     
          42         210  0.319960356048537     
          43         215  0.310170191536572     
          44         220  0.300103420600964     
          45         225  0.291164135385637     
          46         230  0.282375355420821     
          47         235  0.273631620762262     
          48         240  0.264917352528028     
          49         245  0.255711080628134     
          50         250  0.246897986142205     
          51         255  0.240069697509123     
          52         260  0.232594609822697     
          53         265  0.225422432439442     
          54         270  0.218151492497543     
          55         275  0.211745149376834     
          56         280  0.205221135282314     
          57         285  0.199375162383506     
          58         290  0.193172239306780     
          59         295  0.187262683990719     
          60         300  0.180988457787732     
          61         305  0.174603077521565     
          62         310  0.168769871044317     
          63         315  0.163525344501761     
          64         320  0.158096281416371     
          65         325  0.152991846644168     
          66         330  0.148284601811521     
          67         335  0.143051572628111     
          68         340  0.138895450935731     
          69         345  0.134345670155240     
          70         350  0.129915667360799     
          71         355  0.125360861926741     
          72         360  0.120913403026473     
          73         365  0.117373724406805     
          74         370  0.114822554470154     
          75         375  0.111618897897362     
          76         380  0.108846000840240     
          77         385  0.105982551919323     
          78         390  0.102769354823209     
          79         395  9.958759668733505E-002
          80         400  9.644999465782604E-002
          81         405  9.358554622735073E-002
          82         410  9.020829463520806E-002
          83         415  8.734207128839973E-002
          84         420  8.431838342219528E-002
          85         425  8.145416592920064E-002
          86         430  7.997249065026066E-002
          87         435  7.892689968929222E-002
          88         440  7.662570671469748E-002
          89         445  7.484832682580626E-002
          90         450  7.190628201155094E-002
          91         455  6.977332484027947E-002
          92         460  6.833303753565459E-002
          93         465  6.642962666788148E-002
          94         470  6.509744266449161E-002
          95         475  6.304883778035492E-002
          96         480  6.126867740782622E-002
          97         485  5.899257535434834E-002
          98         490  5.721086072822183E-002
          99         495  5.547989515600789E-002
         100         500  5.319338390769836E-002
         101         505  5.153999383141267E-002
         102         510  5.068528808235503E-002
         103         515  4.969416478358665E-002
         104         520  4.794772434886431E-002
         105         525  4.598627216981620E-002
         106         530  4.513455042189735E-002
         107         535  4.277315145581394E-002
         108         540  4.083839567236915E-002
         109         545  3.860835830429575E-002
         110         550  3.748889161451398E-002
         111         555  3.648918417114713E-002
         112         560  3.529621469230207E-002
         113         565  3.372010062779546E-002
         114         570  3.215669439971022E-002
         115         575  3.109916837859394E-002
         116         580  2.909548049617057E-002
         117         585  2.727600436662479E-002
         118         590  2.673764923979093E-002
         119         595  2.618933728659116E-002
         120         600  2.528249976108191E-002
         121         605  2.325223440445727E-002
         122         610  2.272654302618480E-002
         123         615  2.167137740422211E-002
         124         620  2.136276722709826E-002
         125         625  2.104754449164392E-002
         126         630  2.048449406620370E-002
         127         635  2.015847962389178E-002
         128         640  1.968536771716213E-002
         129         645  1.854134266156153E-002
         130         650  1.739171730342660E-002
         131         655  1.756501673397841E-002
         132         660  1.648015049776908E-002
         133         665  1.565849326120088E-002
         134         670  1.619763847136041E-002
         135         675  1.542874158799607E-002
         136         680  1.564083327174019E-002
         137         685  1.564047648121485E-002
         138         690  1.498303988064822E-002
         139         695  1.439208719524229E-002
         140         700  1.473716074336613E-002
         141         705  1.436131150294961E-002
         142         710  1.490870055091439E-002
         143         715  1.411621740870873E-002
         144         720  1.367832905693176E-002
         145         725  1.387119661955157E-002
         146         730  1.308111802294541E-002
         147         735  1.211983890042275E-002
         148         740  1.196161493709344E-002
         149         745  1.184334040135072E-002
         150         750  1.083429809726600E-002
         151         755  1.016171908993172E-002
         152         760  9.450507043304392E-003
         153         765  8.128176916413505E-003
         154         770  6.816930936278697E-003
         155         775  5.744460032318064E-003
         156         780  5.055734918727603E-003
         157         785  4.881076236841515E-003
         158         790  4.268781265641828E-003
         159         795  3.213743627787549E-003
         160         800  2.036080829101664E-003
         161         805  1.088923873090897E-003
         162         810 -2.419395052017226E-004
         163         815 -2.187051331639195E-003
         164         820 -2.266781946192761E-003
         165         825 -2.941070176154222E-003
         166         830 -2.895626379595493E-003
         167         835 -4.040073889734599E-003
         168         840 -5.902759026195964E-003
         169         845 -7.009789350555842E-003
         170         850 -8.596863642590874E-003
         171         855 -1.069747617889596E-002
         172         860 -1.145994165573004E-002
         173         865 -1.219667840522161E-002
         174         870 -1.388134140998285E-002
         175         875 -1.513083492349459E-002
         176         880 -1.562383023929489E-002
         177         885 -1.531718080774076E-002
         178         890 -1.557862275887248E-002
         179         895 -1.633851233860492E-002
         180         900 -1.721195586866774E-002
         181         905 -1.665928501162708E-002
         182         910 -1.664435230465148E-002
         183         915 -1.657593220837915E-002
         184         920 -1.642174343358980E-002
         185         925 -1.666621656203850E-002
         186         930 -1.708709726882189E-002
         187         935 -1.671120164590161E-002
         188         940 -1.530799676637610E-002
         189         945 -1.402079603251981E-002
         190         950 -1.353708114731565E-002
         191         955 -1.191915994107059E-002
         192         960 -1.054435671134763E-002
         193         965 -8.535973398840919E-003
         194         970 -7.891342107649923E-003
         195         975 -6.241966808622570E-003
         196         980 -5.482755085146085E-003
         197         985 -4.106898926073213E-003
         198         990 -1.739496096109556E-003
         199         995  4.088270360589663E-004
         200        1000  2.561506493189445E-003
         201        1005  5.784957592735607E-003
         202        1010  8.536586533892969E-003
         203        1015  1.078958469359892E-002
         204        1020  1.280614433227553E-002
         205        1025  1.379989213029702E-002
         206        1030  1.536516861651559E-002
         207        1035  1.674168734346478E-002
         208        1040  1.750897595653757E-002
         209        1045  1.722726362068118E-002
         210        1050  1.820812467940593E-002
         211        1055  1.984086937843700E-002
         212        1060  2.023421486853372E-002
         213        1065  2.018200088362892E-002
         214        1070  2.109761565295809E-002
         215        1075  2.100130112531425E-002
         216        1080  2.114571264196941E-002
         217        1085  2.142845100356266E-002
         218        1090  2.272420633447602E-002
         219        1095  2.349401265089959E-002
         220        1100  2.473904131199451E-002
         221        1105  2.583524173620755E-002
         222        1110  2.583033960861741E-002
         223        1115  2.529672902908748E-002
         224        1120  2.544955527140353E-002
         225        1125  2.581172917415504E-002
         226        1130  2.628473723773139E-002
         227        1135  2.587622406170328E-002
         228        1140  2.565982932732407E-002
         229        1145  2.698563203699961E-002
         230        1150  2.723891051254805E-002
         231        1155  2.870156323351322E-002
         232        1160  2.944866164616124E-002
         233        1165  2.897885292380906E-002
         234        1170  2.793595647171092E-002
         235        1175  2.905426475188451E-002
         236        1180  3.062628624066556E-002
         237        1185  3.388511098191557E-002
         238        1190  3.565105127407153E-002
         239        1195  3.892376243241921E-002
         240        1200  4.148647688748925E-002
         241        1205  4.282193243688070E-002
         242        1210  4.395408419248374E-002
         243        1215  4.600728560396299E-002
         244        1220  4.840536971851207E-002
         245        1225  5.115978642478591E-002
         246        1230  5.330469029052679E-002
         247        1235  5.617223134187189E-002
         248        1240  5.715769598439471E-002
         249        1245  5.875471165499073E-002
         250        1250  6.118543185193404E-002
         251        1255  6.335458082517023E-002
         252        1260  6.648310313788296E-002
         253        1265  6.887834635706042E-002
         254        1270  7.119608330722865E-002
         255        1275  7.368808649328462E-002
         256        1280  7.575735368751708E-002
         257        1285  7.948809572314097E-002
         258        1290  8.136067194261067E-002
         259        1295  8.456467864671886E-002
         260        1300  8.814553699716950E-002
         261        1305  9.056527018147605E-002
         262        1310  9.286214934574996E-002
         263        1315  9.583629098584749E-002
         264        1320  9.854160138938658E-002
         265        1325  0.100898348957428     
         266        1330  0.103991077614362     
         267        1335  0.106403484159603     
         268        1340  0.107890898528315     
         269        1345  0.109352625239711     
         270        1350  0.112715446127536     
         271        1355  0.115627011073431     
         272        1360  0.117894393772032     
         273        1365  0.119481425426904     
         274        1370  0.121923396215789     
         275        1375  0.124933780289626     
         276        1380  0.127932498496704     
         277        1385  0.131022621945842     
         278        1390  0.133651818335592     
         279        1395  0.136419513239931     
         280        1400  0.138890068949814     
         281        1405  0.141247309000190     
         282        1410  0.142099183744804     
         283        1415  0.142456870543822     
         284        1420  0.143278434996695     
         285        1425  0.145618755053835     
         286        1430  0.147091771500885     
         287        1435  0.148460300903634     
         288        1440  0.150154656282667     
         289        1445  0.152745899706254     
         290        1450  0.155315315165797     
         291        1455  0.156543008113227     
         292        1460  0.155585020814149     
         293        1465  0.154625884732780     
         294        1470  0.153930278765455     
         295        1475  0.153913542840296     
         296        1480  0.154605675391262     
         297        1485  0.153545859166827     
         298        1490  0.154345481127376     
         299        1495  0.153302794907748     
         300        1500  0.152511590612714     
         301        1505  0.151200494716200     
         302        1510  0.149169193221631     
         303        1515  0.146307622367715     
         304        1520  0.144550564944572     
         305        1525  0.142725788654808     
         306        1530  0.139974323660545     
         307        1535  0.137553748148122     
         308        1540  0.136335129805536     
         309        1545  0.135385323489145     
         310        1550  0.134213806716942     
         311        1555  0.133279637457603     
         312        1560  0.131464966527432     
         313        1565  0.128775461010915     
         314        1570  0.125049652838803     
         315        1575  0.121938958271782     
         316        1580  0.118770692386211     
         317        1585  0.116287817146149     
         318        1590  0.113506526364236     
         319        1595  0.110340218931358     
         320        1600  0.106179715450219     
         321        1605  0.102987737434235     
         322        1610  0.100333632029985     
         323        1615  9.571341436898599E-002
         324        1620  9.126708144801865E-002
         325        1625  8.570001172359178E-002
         326        1630  8.192822821597937E-002
         327        1635  7.766241690486189E-002
         328        1640  7.173536438055265E-002
         329        1645  6.821728459663956E-002
         330        1650  6.450454061093140E-002
         331        1655  6.066076136893513E-002
         332        1660  5.603973959303520E-002
         333        1665  5.193482624475178E-002
         334        1670  4.737348761214122E-002
         335        1675  4.160018835546747E-002
         336        1680  3.692549300781701E-002
         337        1685  3.433982302703480E-002
         338        1690  2.957893966190302E-002
         339        1695  2.580602539461973E-002
         340        1700  2.221836987503902E-002
         341        1705  2.067870411114963E-002
         342        1710  1.713376696943606E-002
         343        1715  1.384108764052532E-002
         344        1720  1.031381597208381E-002
         345        1725  7.502555530317668E-003
         346        1730  5.132615851289790E-003
         347        1735  3.340396176505207E-003
         348        1740  6.966825836443569E-004
         349        1745 -1.774213297175622E-003
         350        1750 -4.018529996935025E-003
